Cointegrating Eq: 	CointEq1		
			
LN_X_R0(-1)	 1.000000		
			
LN_PBIE(-1)	-1.639652		
	 (0.09387)		
	[-17.4680]		
			
LN_TCR(-1)	-0.030330		
	 (0.09064)		
	[-0.33461]		
			
Error Correction:	D(LN_X_R0)	D(LN_PBIE)	D(LN_TCR)
			
CointEq1	-0.022425	 0.016096	-0.011554
	 (0.03062)	 (0.00287)	 (0.01494)
	[-0.73229]	[ 5.60698]	[-0.77351]
			
D(LN_X_R0(-1))	-0.279417	-0.002775	 0.037700
	 (0.10077)	 (0.00945)	 (0.04915)
	[-2.77277]	[-0.29373]	[ 0.76698]
			
D(LN_X_R0(-2))	-0.199210	-0.003307	-0.011340
	 (0.09808)	 (0.00919)	 (0.04784)
	[-2.03112]	[-0.35962]	[-0.23705]
			
D(LN_PBIE(-1))	 2.750448	 0.400633	 0.698616
	 (0.99929)	 (0.09368)	 (0.48743)
	[ 2.75240]	[ 4.27662]	[ 1.43328]
			
D(LN_PBIE(-2))	 0.165163	-0.059849	-0.789760
	 (0.98416)	 (0.09226)	 (0.48005)
	[ 0.16782]	[-0.64869]	[-1.64517]
			
D(LN_TCR(-1))	 0.003558	 0.038690	 0.204574
	 (0.20359)	 (0.01909)	 (0.09931)
	[ 0.01747]	[ 2.02714]	[ 2.06001]
			
D(LN_TCR(-2))	 0.193240	 0.049435	-0.091093
	 (0.20643)	 (0.01935)	 (0.10069)
	[ 0.93612]	[ 2.55455]	[-0.90469]






Cointegrating Eq: 	CointEq1		
			
LN_M_R0(-1)	 1.000000		
			
LN_PIB_R0(-1)	-0.729478		
	 (0.16097)		
	[-4.53189]		
			
LN_TCR(-1)	 0.059396		
	 (0.30355)		
	[ 0.19567]		
			
Error Correction:	D(LN_M_R0)	D(LN_PIB_R0)	D(LN_TCR)
			
CointEq1	-0.032398	 0.009844	 0.007235
	 (0.01332)	 (0.00199)	 (0.00592)
	[-2.43303]	[ 4.94776]	[ 1.22237]
			
D(LN_M_R0(-1))	-0.397157	-0.003778	 0.018433
	 (0.09835)	 (0.01469)	 (0.04371)
	[-4.03838]	[-0.25710]	[ 0.42171]
			
D(LN_M_R0(-2))	-0.199865	-0.009495	-0.021749
	 (0.09852)	 (0.01472)	 (0.04379)
	[-2.02860]	[-0.64496]	[-0.49666]
			
D(LN_M_R0(-3))	-0.349780	-0.000673	-0.037866
	 (0.09724)	 (0.01453)	 (0.04322)
	[-3.59708]	[-0.04630]	[-0.87612]
			
D(LN_M_R0(-4))	-0.271722	-0.028628	-0.023134
	 (0.09364)	 (0.01399)	 (0.04162)
	[-2.90183]	[-2.04612]	[-0.55585]
			
D(LN_PIB_R0(-1))	 1.695323	-0.279121	-0.531245
	 (0.68558)	 (0.10244)	 (0.30472)
	[ 2.47282]	[-2.72479]	[-1.74340]
			
D(LN_PIB_R0(-2))	 2.862563	-0.031998	-0.540817
	 (0.74778)	 (0.11173)	 (0.33236)
	[ 3.82808]	[-0.28639]	[-1.62719]
			
D(LN_PIB_R0(-3))	 2.498031	 0.028456	-0.249668
	 (0.79575)	 (0.11890)	 (0.35368)
	[ 3.13922]	[ 0.23933]	[-0.70590]
			
D(LN_PIB_R0(-4))	 0.503722	-0.073783	 0.055549
	 (0.70272)	 (0.10500)	 (0.31233)
	[ 0.71682]	[-0.70271]	[ 0.17785]
			
D(LN_TCR(-1))	 0.493861	-0.014621	 0.209052
	 (0.23056)	 (0.03445)	 (0.10248)
	[ 2.14197]	[-0.42439]	[ 2.03996]
			
D(LN_TCR(-2))	-0.015035	-0.023196	-0.084437
	 (0.24258)	 (0.03625)	 (0.10782)
	[-0.06198]	[-0.63997]	[-0.78314]
			
D(LN_TCR(-3))	 0.041353	-0.013455	 0.034916
	 (0.23748)	 (0.03548)	 (0.10555)
	[ 0.17414]	[-0.37920]	[ 0.33080]
			
D(LN_TCR(-4))	 0.388003	 0.034716	-0.002314
	 (0.22912)	 (0.03423)	 (0.10184)
	[ 1.69344]	[ 1.01406]	[-0.02272]

